20 20 5 400 
F 0 3 7 3 6 
W 0 9 5 12 18 
A 0 4 4 9 10 
C 0 11 4 7 3 
H 0 15 4 10 4 0 0 0 
S 0 4 4 11 16 
T 0 4 4 17 15 
G 0 0 0 9 14 
+ 0 0 0 18 19 
D 0 0 0 16 10 
B 0 99 0 7 9 
D 1 0 0 17 11 
D 1 0 0 17 12 
D 1 0 0 18 11 
D 1 0 0 19 10 
D 1 0 0 19 9 
D 1 0 0 18 9 
D 1 0 0 17 10 
D 1 0 0 16 9 
D 1 0 0 16 8 
D 1 0 0 17 8 
D 1 0 0 17 7 
D 1 0 0 18 7 
D 1 0 0 17 6 
D 1 0 0 16 5 
D 1 0 0 17 4 
D 1 0 0 18 5 
D 1 0 0 19 5 
D 1 0 0 19 6 
D 2 0 0 16 11 
D 2 0 0 16 12 
D 2 0 0 17 13 
D 2 0 0 18 10 
D 2 0 0 19 11 
D 2 0 0 19 8 
D 2 0 0 17 9 
D 2 0 0 15 9 
D 2 0 0 16 7 
D 2 0 0 16 6 
D 2 0 0 19 7 
D 2 0 0 17 5 
D 2 0 0 15 5 
D 2 0 0 16 4 
D 2 0 0 18 4 
D 2 0 0 19 4 
D 2 0 0 18 6 
D 2 0 0 15 11 
D 2 0 0 15 13 
D 2 0 0 16 14 
D 2 0 0 19 12 
D 2 0 0 18 8 
D 2 0 0 15 8 
D 2 0 0 15 6 
D 2 0 0 15 7 
D 2 0 0 15 3 
D 2 0 0 18 3 
D 2 0 0 19 3 
D 2 0 0 14 11 
D 2 0 0 15 12 
D 2 0 0 18 13 
D 2 0 0 14 8 
D 2 0 0 14 6 
D 2 0 0 14 7 
D 2 0 0 16 3 
D 2 0 0 18 2 
D 2 0 0 19 2 
D 2 0 0 13 11 
D 2 0 0 14 13 
D 2 0 0 18 12 
D 2 0 0 14 9 
D 2 0 0 13 5 
D 2 0 0 13 8 
D 2 0 0 15 2 
D 2 0 0 18 1 
D 2 0 0 19 1 
D 2 0 0 12 10 
D 2 0 0 13 12 
D 2 0 0 19 13 
D 2 0 0 13 10 
D 2 0 0 14 4 
D 2 0 0 14 1 
D 2 0 0 17 0 
D 2 0 0 18 0 
D 2 0 0 14 12 
D 2 0 0 18 14 
D 2 0 0 13 9 
D 2 0 0 13 0 
D 2 0 0 16 0 
D 2 0 0 17 1 
D 2 0 0 13 13 
D 2 0 0 18 15 
D 2 0 0 12 8 
D 2 0 0 12 1 
D 2 0 0 16 2 
D 2 0 0 12 12 
D 2 0 0 18 16 
D 2 0 0 12 7 
D 2 0 0 13 1 
D 2 0 0 17 3 
D 2 0 0 11 12 
D 2 0 0 19 17 
D 2 0 0 12 2 
D 2 0 0 17 2 
D 2 0 0 11 11 
D 2 0 0 19 16 
D 2 0 0 11 2 
D 2 0 0 16 1 
D 2 0 0 19 15 
D 2 0 0 11 3 
D 2 0 0 15 0 
D 2 0 0 12 3 
D 2 0 0 14 0 
D 2 0 0 13 3 
D 2 0 0 15 1 
D 2 0 0 14 3 
D 2 0 0 14 2 
D 2 0 0 13 2 
+ 3 0 0 19 18 
X 3 10 0 7 4 
D 3 0 0 15 10 
D 3 0 0 16 13 
D 3 0 0 15 4 
D 3 0 0 14 10 
D 3 0 0 14 5 
D 3 0 0 14 14 
D 3 0 0 16 15 
D 3 0 0 19 14 
D 3 0 0 13 7 
D 3 0 0 13 6 
D 3 0 0 13 14 
D 3 0 0 12 5 
D 3 0 0 19 0 
D 3 0 0 11 9 
D 3 0 0 12 13 
D 3 0 0 12 9 
D 3 0 0 13 4 
D 3 0 0 12 0 
D 3 0 0 12 14 
D 3 0 0 17 16 
D 3 0 0 11 7 
D 3 0 0 11 1 
D 3 0 0 12 11 
D 3 0 0 18 17 
D 3 0 0 11 6 
D 3 0 0 10 11 
D 3 0 0 18 18 
D 3 0 0 10 10 
D 3 0 0 10 1 
D 3 0 0 12 4 
D 3 0 0 11 4 
D 3 0 0 15 14 
D 3 0 0 13 15 
D 3 0 0 16 16 
D 3 0 0 12 6 
D 3 0 0 14 15 
D 3 0 0 11 5 
D 3 0 0 11 8 
D 3 0 0 11 14 
D 3 0 0 11 10 
D 3 0 0 11 0 
D 3 0 0 11 15 
D 3 0 0 17 17 
D 3 0 0 10 8 
D 3 0 0 10 2 
D 3 0 0 17 18 
D 3 0 0 19 19 
D 3 0 0 9 0 
D 3 0 0 10 5 
D 3 0 0 15 15 
D 3 0 0 14 16 
D 3 0 0 13 16 
D 3 0 0 10 6 
D 3 0 0 10 7 
D 3 0 0 12 15 
D 3 0 0 10 9 
D 3 0 0 10 0 
D 3 0 0 16 17 
D 3 0 0 9 9 
D 3 0 0 9 3 
D 3 0 0 16 18 
D 3 0 0 8 9 
D 3 0 0 8 0 
D 3 0 0 9 4 
D 3 0 0 15 16 
D 3 0 0 13 17 
D 3 0 0 14 17 
D 3 0 0 9 6 
D 3 0 0 9 8 
D 3 0 0 9 1 
D 3 0 0 11 17 
D 3 0 0 8 10 
D 3 0 0 15 19 
D 3 0 0 7 10 
D 3 0 0 9 5 
D 3 0 0 8 5 
D 3 0 0 9 7 
D 3 0 0 8 2 
D 3 0 0 10 17 
D 3 0 0 8 11 
D 3 0 0 14 18 
D 3 0 0 8 6 
D 3 0 0 11 19 
D 3 0 0 13 19 
D 3 0 0 7 5 
D 3 0 0 8 8 
D 3 0 0 8 3 
D 3 0 0 9 17 
D 3 0 0 14 19 
D 3 0 0 7 6 
D 3 0 0 11 18 
D 3 0 0 6 4 
D 3 0 0 8 7 
D 3 0 0 7 2 
D 3 0 0 9 16 
D 3 0 0 7 12 
D 3 0 0 15 18 
D 3 0 0 6 6 
D 3 0 0 10 18 
D 3 0 0 6 2 
D 3 0 0 10 16 
D 3 0 0 8 12 
D 3 0 0 15 17 
D 3 0 0 6 5 
D 3 0 0 10 19 
D 3 0 0 5 1 
D 3 0 0 9 15 
D 3 0 0 7 13 
D 3 0 0 5 6 
D 3 0 0 8 16 
D 3 0 0 8 13 
D 3 0 0 4 5 
D 3 0 0 7 16 
D 3 0 0 9 12 
D 3 0 0 5 5 
D 3 0 0 6 15 
D 3 0 0 10 13 
D 3 0 0 5 4 
D 3 0 0 7 14 
D 3 0 0 11 13 
D 3 0 0 4 3 
D 3 0 0 8 14 
D 3 0 0 10 14 
D 3 0 0 7 15 
D 3 0 0 9 13 
D 3 0 0 10 12 
D 3 0 0 9 11 
X 4 10 0 8 4 
B 4 99 0 6 9 
D 4 0 0 17 14 
D 4 0 0 10 3 
D 4 0 0 17 19 
D 4 0 0 9 2 
D 4 0 0 10 15 
D 4 0 0 16 19 
D 4 0 0 8 1 
D 4 0 0 12 17 
D 4 0 0 7 8 
D 4 0 0 7 1 
D 4 0 0 9 18 
D 4 0 0 7 7 
D 4 0 0 12 19 
D 4 0 0 8 18 
D 4 0 0 6 7 
D 4 0 0 5 3 
D 4 0 0 6 1 
D 4 0 0 8 15 
D 4 0 0 6 11 
D 4 0 0 5 7 
D 4 0 0 5 2 
D 4 0 0 9 19 
D 4 0 0 4 0 
D 4 0 0 6 13 
D 4 0 0 4 6 
D 4 0 0 8 17 
D 4 0 0 3 4 
D 4 0 0 7 17 
D 4 0 0 4 4 
D 4 0 0 5 16 
D 4 0 0 6 14 
D 4 0 0 3 3 
D 4 0 0 6 16 
B 4 99 0 6 8 
D 4 0 0 7 0 
D 4 0 0 6 0 
D 4 0 0 8 19 
D 4 0 0 7 19 
D 4 0 0 5 8 
D 4 0 0 4 2 
D 4 0 0 5 0 
D 4 0 0 5 11 
D 4 0 0 4 7 
D 4 0 0 4 1 
D 4 0 0 3 1 
D 4 0 0 3 7 
D 4 0 0 7 18 
D 4 0 0 2 3 
D 4 0 0 6 17 
D 4 0 0 4 15 
D 4 0 0 5 14 
D 4 0 0 3 2 
D 4 0 0 5 15 
D 4 0 0 6 18 
D 4 0 0 5 9 
D 4 0 0 6 10 
D 4 0 0 4 8 
D 4 0 0 3 0 
D 4 0 0 2 0 
D 4 0 0 6 19 
D 4 0 0 5 17 
D 4 0 0 3 15 
D 4 0 0 5 13 
D 4 0 0 4 14 
D 4 0 0 5 18 
D 4 0 0 4 10 
D 4 0 0 5 10 
D 4 0 0 4 9 
D 4 0 0 2 1 
D 4 0 0 1 1 
D 4 0 0 5 19 
D 4 0 0 4 16 
D 4 0 0 3 16 
D 4 0 0 4 13 
D 4 0 0 3 13 
D 4 0 0 4 19 
D 4 0 0 3 10 
D 4 0 0 4 11 
D 4 0 0 3 8 
D 4 0 0 1 2 
D 4 0 0 4 18 
D 4 0 0 3 17 
D 4 0 0 2 17 
D 4 0 0 3 12 
D 4 0 0 2 14 
D 4 0 0 3 19 
D 4 0 0 2 11 
D 4 0 0 2 7 
D 4 0 0 0 2 
D 4 0 0 3 18 
D 4 0 0 1 18 
D 4 0 0 4 12 
D 4 0 0 3 14 
D 4 0 0 2 19 
D 4 0 0 2 12 
D 4 0 0 2 6 
D 4 0 0 0 1 
D 4 0 0 4 17 
D 4 0 0 0 19 
D 4 0 0 2 13 
D 4 0 0 1 12 
D 4 0 0 3 5 
D 4 0 0 0 0 
D 4 0 0 1 19 
D 4 0 0 1 13 
D 4 0 0 1 11 
D 4 0 0 1 0 
D 4 0 0 2 18 
D 4 0 0 1 14 
D 4 0 0 2 10 
D 4 0 0 1 17 
D 4 0 0 0 15 
D 4 0 0 1 9 
D 4 0 0 0 16 
D 4 0 0 1 16 
D 4 0 0 1 15 
D 4 0 0 0 17 
D 4 0 0 2 16 
D 4 0 0 0 18 
D 5 0 0 12 16 
D 5 0 0 13 18 
D 5 0 0 7 11 
D 5 0 0 6 3 
D 5 0 0 6 12 
D 5 0 0 5 12 
D 5 0 0 2 2 
D 5 0 0 2 8 
D 5 0 0 1 4 
D 5 0 0 3 9 
D 5 0 0 2 15 
D 5 0 0 3 11 
D 5 0 0 2 9 
D 5 0 0 0 3 
D 5 0 0 1 10 
D 5 0 0 1 7 
D 5 0 0 1 3 
D 5 0 0 2 5 
D 5 0 0 0 13 
D 5 0 0 2 4 
D 5 0 0 0 14 
D 5 0 0 0 11 
D 5 0 0 0 10 
D 5 0 0 1 8 
D 5 0 0 0 4 
D 5 0 0 0 9 
D 5 0 0 0 8 
D 5 0 0 1 5 
D 5 0 0 0 12 
D 5 0 0 0 5 
D 5 0 0 0 6 
D 5 0 0 1 6 
D 5 0 0 0 7 
